070101
070102
070103
070104
070105
070106
070107
070108
070109
070110
070111
070112
070113
070114
070115
070116
070117
070118
070119
070120
070121
070122
070123
070124
070125
070126
070127
070128
070129
070130
070131
070201
070202
070203
070204
070205
070206
070207
070208
070209
070210
070211
070212
070213
070214
070215
070216
070301
070302
070303
070304
070305
070306
070307
070308
070309
070310
070311
070312
070313
070314
070315
070316
070317
070318
070319
070320
070321
070322
070323
070401
070402
070403
070404
070405
070406
070407
070408
070409
070410
070411
070412
070413
070414
070415
070416
070417
070418
070419
070420
070421
070501
070502
070503
070504
070505
070506
070507
070508
070509
070510
070511
070512
070513
070601
070602
070603
070604
070605
070606
070607
070608
070609
070610
070611
070612
070613
070614
070615
070616
070617
070618
070619
070620
070701
070702
070703
070704
070705
070706
070707
070708
070709
070710
070711
070712
070713
070714
070715
070716
070717
070718
070719
070720
070721
070722
070723
070724
070725
070726
070727
070728
070729
070730
070731
070732
070733
070734
070735
070736
070737
070738
070739
070740
070801
070802
070803
070804
070805
070806
070807
070808
070809
070810
070811
070812
070813
070901
070902
070903
070904
070905
070906
070907
070908
070909
070910
070911
070912
070913
070914
070915
070916
070917
070918
070919
070920
070921
070922
070923
070924
070925
070926
070927
071001
071002
071003
071004
071005
071006
071007
071008
071009
071010
071011
071012
071013
071014
071015
071016
071017
071018
071019
071020
071021
071022
071023
071024
071025
071026
071027
071028
071029
071030
071031
071032
071033
071101
071102
071103
071104
071105
071106
071107
071108
071109
071110
071111
071112
071113
071114
071115
071116
071117
071118
071119
071120
071121
071122
071123
071124
071125
071126
071127
071128
071129
071130
071131
071132
071133
071134
071201
071202
071203
071204
071205
071206
071207
071208
071209
071210
071211
071212
071213
071214
071215
071216
071217
071218
071219
071220
071221
071222
071223
071224
071225
071226
071227
071228
071229
071230
071231
071301
071302
071303
071304
071305
071306
071307
071308
071309
071310
071311
071312
071313
071401
071402
071403
071404
071405
071406
071407
071408
071409
071410
071411
071412
071413
071414
071415
071416
071417
071418
071419
071420
071421
071422
071423
071424
071425
071426
071427
071428
071429
071430
071431
071432
071433
071434
071435
071436
071437
071438
071439
071440
071501
071502
071503
071504
071505
071506
071507
071508
071509
071510
071511
071512
071513
071514
071515
071516
071517
071518
071519
071520
071521
071522
071523
071524
071525
071526
071527
071528
071529
071530
071531
071532
071533
071534
071535
071536
071537
071538
071539
071540
071541
071542
071543
071544
071545
071546
071547
071548
071549
071550
071551
071552
071553
071554
071555
071556
071557
071558
071601
071602
071603
071604
071605
071606
071607
071608
071609
071610
071611
071612
071613
071614
071615
071616
071617
071618
071619
071620
071621
071622
071623
071624
